   100
   1.4250000e+01   3.5486730e+01   0.0000000e+00
   1.6800000e+01   3.6958973e+01   0.0000000e+00
   1.9350000e+01   3.8431216e+01   0.0000000e+00
   2.1900000e+01   3.9903459e+01   0.0000000e+00
   1.1700000e+01   3.1070000e+01   0.0000000e+00
   1.4250000e+01   3.2542243e+01   0.0000000e+00
   1.6800000e+01   3.4014486e+01   0.0000000e+00
   1.9350000e+01   3.5486730e+01   0.0000000e+00
   2.1900000e+01   3.6958973e+01   0.0000000e+00
   2.4450000e+01   3.8431216e+01   0.0000000e+00
   2.7000000e+01   3.9903459e+01   0.0000000e+00
   1.1700000e+01   2.8125514e+01   0.0000000e+00
   1.4250000e+01   2.9597757e+01   0.0000000e+00
   1.6800000e+01   3.1070000e+01   0.0000000e+00
   1.9350000e+01   3.2542243e+01   0.0000000e+00
   2.1900000e+01   3.4014486e+01   0.0000000e+00
   2.4450000e+01   3.5486730e+01   0.0000000e+00
   2.7000000e+01   3.6958973e+01   0.0000000e+00
   2.9550000e+01   3.8431216e+01   0.0000000e+00
   1.1700000e+01   2.5181027e+01   0.0000000e+00
   1.4250000e+01   2.6653270e+01   0.0000000e+00
   1.6800000e+01   2.8125514e+01   0.0000000e+00
   1.9350000e+01   2.9597757e+01   0.0000000e+00
   2.1900000e+01   3.1070000e+01   0.0000000e+00
   2.4450000e+01   3.2542243e+01   0.0000000e+00
   2.7000000e+01   3.4014486e+01   0.0000000e+00
   2.9550000e+01   3.5486730e+01   0.0000000e+00
   3.2100000e+01   3.6958973e+01   0.0000000e+00
   1.1700000e+01   2.2236541e+01   0.0000000e+00
   1.4250000e+01   2.3708784e+01   0.0000000e+00
   1.6800000e+01   2.5181027e+01   0.0000000e+00
   1.9350000e+01   2.6653270e+01   0.0000000e+00
   2.1900000e+01   2.8125514e+01   0.0000000e+00
   2.4450000e+01   2.9597757e+01   0.0000000e+00
   2.7000000e+01   3.1070000e+01   0.0000000e+00
   2.9550000e+01   3.2542243e+01   0.0000000e+00
   3.2100000e+01   3.4014486e+01   0.0000000e+00
   3.4650000e+01   3.5486730e+01   0.0000000e+00
   1.1700000e+01   1.9292055e+01   0.0000000e+00
   1.4250000e+01   2.0764298e+01   0.0000000e+00
   1.6800000e+01   2.2236541e+01   0.0000000e+00
   1.9350000e+01   2.3708784e+01   0.0000000e+00
   2.1900000e+01   2.5181027e+01   0.0000000e+00
   2.4450000e+01   2.6653270e+01   0.0000000e+00
   2.7000000e+01   2.8125514e+01   0.0000000e+00
   2.9550000e+01   2.9597757e+01   0.0000000e+00
   3.2100000e+01   3.1070000e+01   0.0000000e+00
   3.4650000e+01   3.2542243e+01   0.0000000e+00
   3.7200000e+01   3.4014486e+01   0.0000000e+00
   1.4250000e+01   1.7819811e+01   0.0000000e+00
   1.6800000e+01   1.9292055e+01   0.0000000e+00
   1.9350000e+01   2.0764298e+01   0.0000000e+00
   2.1900000e+01   2.2236541e+01   0.0000000e+00
   2.4450000e+01   2.3708784e+01   0.0000000e+00
   2.7000000e+01   2.5181027e+01   0.0000000e+00
   2.9550000e+01   2.6653270e+01   0.0000000e+00
   3.2100000e+01   2.8125514e+01   0.0000000e+00
   3.4650000e+01   2.9597757e+01   0.0000000e+00
   3.7200000e+01   3.1070000e+01   0.0000000e+00
   1.4250000e+01   1.4875325e+01   0.0000000e+00
   1.6800000e+01   1.6347568e+01   0.0000000e+00
   1.9350000e+01   1.7819811e+01   0.0000000e+00
   2.1900000e+01   1.9292055e+01   0.0000000e+00
   2.4450000e+01   2.0764298e+01   0.0000000e+00
   2.7000000e+01   2.2236541e+01   0.0000000e+00
   2.9550000e+01   2.3708784e+01   0.0000000e+00
   3.2100000e+01   2.5181027e+01   0.0000000e+00
   3.4650000e+01   2.6653270e+01   0.0000000e+00
   3.7200000e+01   2.8125514e+01   0.0000000e+00
   1.6800000e+01   1.3403082e+01   0.0000000e+00
   1.9350000e+01   1.4875325e+01   0.0000000e+00
   2.1900000e+01   1.6347568e+01   0.0000000e+00
   2.4450000e+01   1.7819811e+01   0.0000000e+00
   2.7000000e+01   1.9292055e+01   0.0000000e+00
   2.9550000e+01   2.0764298e+01   0.0000000e+00
   3.2100000e+01   2.2236541e+01   0.0000000e+00
   3.4650000e+01   2.3708784e+01   0.0000000e+00
   3.7200000e+01   2.5181027e+01   0.0000000e+00
   3.9750000e+01   2.6653270e+01   0.0000000e+00
   1.9350000e+01   1.1930839e+01   0.0000000e+00
   2.1900000e+01   1.3403082e+01   0.0000000e+00
   2.4450000e+01   1.4875325e+01   0.0000000e+00
   2.7000000e+01   1.6347568e+01   0.0000000e+00
   2.9550000e+01   1.7819811e+01   0.0000000e+00
   3.2100000e+01   1.9292055e+01   0.0000000e+00
   3.4650000e+01   2.0764298e+01   0.0000000e+00
   3.7200000e+01   2.2236541e+01   0.0000000e+00
   3.9750000e+01   2.3708784e+01   0.0000000e+00
   2.1900000e+01   1.0458595e+01   0.0000000e+00
   2.4450000e+01   1.1930839e+01   0.0000000e+00
   2.7000000e+01   1.3403082e+01   0.0000000e+00
   2.9550000e+01   1.4875325e+01   0.0000000e+00
   3.2100000e+01   1.6347568e+01   0.0000000e+00
   3.4650000e+01   1.7819811e+01   0.0000000e+00
   3.7200000e+01   1.9292055e+01   0.0000000e+00
   2.7000000e+01   1.0458595e+01   0.0000000e+00
   2.9550000e+01   1.1930839e+01   0.0000000e+00
   3.2100000e+01   1.3403082e+01   0.0000000e+00
   3.4650000e+01   1.4875325e+01   0.0000000e+00
   3.7200000e+01   1.6347568e+01   0.0000000e+00
